0	1
0.01	1.03017
0.02	1.06106
0.03	1.09266
0.04	1.12499
0.05	1.15807
0.06	1.19191
0.07	1.22653
0.08	1.26193
0.09	1.29814
0.1	1.33516
0.11	1.37302
0.12	1.41173
0.13	1.4513
0.14	1.49175
0.15	1.5331
0.16	1.57535
0.17	1.61854
0.18	1.66267
0.19	1.70776
0.2	1.75384
0.21	1.80091
0.22	1.84899
0.23	1.89811
0.24	1.94828
0.25	1.99952
0.26	2.05185
0.27	2.10529
0.28	2.15986
0.29	2.21557
0.3	2.27246
0.31	2.33053
0.32	2.38981
0.33	2.45033
0.34	2.5121
0.35	2.57514
0.36	2.63948
0.37	2.70514
0.38	2.77214
0.39	2.84051
0.4	2.91027
0.41	2.98144
0.42	3.05405
0.43	3.12812
0.44	3.20368
0.45	3.28075
0.46	3.35937
0.47	3.43955
0.48	3.52132
0.49	3.60471
0.5	3.68975
0.51	3.77647
0.52	3.86489
0.53	3.95504
0.54	4.04695
0.55	4.14066
0.56	4.23619
0.57	4.33357
0.58	4.43283
0.59	4.53402
0.6	4.63714
0.61	4.74225
0.62	4.84938
0.63	4.95855
0.64	5.0698
0.65	5.18317
0.66	5.29869
0.67	5.41639
0.68	5.53632
0.69	5.65851
0.7	5.783
0.71	5.90982
0.72	6.03901
0.73	6.17062
0.74	6.30468
0.75	6.44123
0.76	6.58032
0.77	6.72198
0.78	6.86625
0.79	7.01319
0.8	7.16283
0.81	7.31522
0.82	7.47039
0.83	7.62841
0.84	7.78931
0.85	7.95313
0.86	8.11994
0.87	8.28977
0.88	8.46267
0.89	8.63869
0.9	8.81789
0.91	9.00032
0.92	9.18602
0.93	9.37505
0.94	9.56746
0.95	9.7633
0.96	9.96264
0.97	10.1655
0.98	10.372
0.99	10.5822
1	10.796
1.01	11.0137
1.02	11.2351
1.03	11.4605
1.04	11.6899
1.05	11.9232
1.06	12.1607
1.07	12.4023
1.08	12.6481
1.09	12.8982
1.1	13.1526
1.11	13.4115
1.12	13.6748
1.13	13.9427
1.14	14.2152
1.15	14.4925
1.16	14.7745
1.17	15.0613
1.18	15.3531
1.19	15.6499
1.2	15.9517
1.21	16.2587
1.22	16.571
1.23	16.8885
1.24	17.2115
1.25	17.5399
1.26	17.874
1.27	18.2136
1.28	18.559
1.29	18.9103
1.3	19.2674
1.31	19.6306
1.32	19.9998
1.33	20.3753
1.34	20.757
1.35	21.1452
1.36	21.5398
1.37	21.941
1.38	22.3489
1.39	22.7635
1.4	23.1851
1.41	23.6137
1.42	24.0493
1.43	24.4922
1.44	24.9423
1.45	25.3999
1.46	25.8651
1.47	26.3379
1.48	26.8184
1.49	27.3069
1.5	27.8033
1.51	28.3079
1.52	28.8207
1.53	29.3419
1.54	29.8716
1.55	30.4099
1.56	30.957
1.57	31.513
1.58	32.078
1.59	32.6521
1.6	33.2355
1.61	33.8284
1.62	34.4308
1.63	35.0429
1.64	35.6649
1.65	36.2969
1.66	36.9391
1.67	37.5915
1.68	38.2545
1.69	38.928
1.7	39.6123
1.71	40.3075
1.72	41.0138
1.73	41.7314
1.74	42.4604
1.75	43.201
1.76	43.9533
1.77	44.7176
1.78	45.494
1.79	46.2826
1.8	47.0838
1.81	47.8976
1.82	48.7242
1.83	49.5638
1.84	50.4167
1.85	51.283
1.86	52.1629
1.87	53.0566
1.88	53.9642
1.89	54.8861
1.9	55.8225
1.91	56.7734
1.92	57.7392
1.93	58.72
1.94	59.7162
1.95	60.7278
1.96	61.7551
1.97	62.7984
1.98	63.8579
1.99	64.9338
2	66.0263
2.01	67.1358
2.02	68.2624
2.03	69.4063
2.04	70.5679
2.05	71.7474
2.06	72.9451
2.07	74.1612
2.08	75.3959
2.09	76.6496
2.1	77.9225
2.11	79.2149
2.12	80.5271
2.13	81.8593
2.14	83.2119
2.15	84.5851
2.16	85.9792
2.17	87.3946
2.18	88.8315
2.19	90.2903
2.2	91.7712
2.21	93.2746
2.22	94.8008
2.23	96.3501
2.24	97.9228
2.25	99.5193
2.26	101.14
2.27	102.785
2.28	104.455
2.29	106.15
2.3	107.871
2.31	109.617
2.32	111.39
2.33	113.189
2.34	115.015
2.35	116.869
2.36	118.751
2.37	120.66
2.38	122.598
2.39	124.565
2.4	126.562
2.41	128.588
2.42	130.645
2.43	132.732
2.44	134.85
2.45	136.999
2.46	139.181
2.47	141.395
2.48	143.642
2.49	145.922
2.5	148.235
2.51	150.583
2.52	152.966
2.53	155.384
2.54	157.838
2.55	160.328
2.56	162.854
2.57	165.418
2.58	168.019
2.59	170.659
2.6	173.337
2.61	176.055
2.62	178.813
2.63	181.611
2.64	184.45
2.65	187.33
2.66	190.253
2.67	193.219
2.68	196.227
2.69	199.28
2.7	202.377
2.71	205.52
2.72	208.708
2.73	211.942
2.74	215.224
2.75	218.553
2.76	221.93
2.77	225.357
2.78	228.833
2.79	232.36
2.8	235.937
2.81	239.567
2.82	243.249
2.83	246.984
2.84	250.773
2.85	254.616
2.86	258.515
2.87	262.471
2.88	266.483
2.89	270.553
2.9	274.681
2.91	278.869
2.92	283.117
2.93	287.426
2.94	291.797
2.95	296.23
2.96	300.727
2.97	305.288
2.98	309.915
2.99	314.608
3	319.367
3.01	324.195
3.02	329.091
3.03	334.058
3.04	339.095
3.05	344.203
3.06	349.385
3.07	354.64
3.08	359.97
3.09	365.376
3.1	370.858
3.11	376.418
3.12	382.057
3.13	387.776
3.14	393.576
3.15	399.458
3.16	405.423
3.17	411.472
3.18	417.607
3.19	423.828
3.2	430.137
3.21	436.536
3.22	443.024
3.23	449.604
3.24	456.276
3.25	463.042
3.26	469.904
3.27	476.861
3.28	483.917
3.29	491.071
3.3	498.326
3.31	505.683
3.32	513.142
3.33	520.706
3.34	528.376
3.35	536.153
3.36	544.039
3.37	552.035
3.38	560.143
3.39	568.363
3.4	576.699
3.41	585.15
3.42	593.72
3.43	602.409
3.44	611.218
3.45	620.15
3.46	629.206
3.47	638.389
3.48	647.698
3.49	657.137
3.5	666.707
3.51	676.409
3.52	686.246
3.53	696.219
3.54	706.33
3.55	716.581
3.56	726.974
3.57	737.51
3.58	748.192
3.59	759.021
3.6	770
3.61	781.13
3.62	792.413
3.63	803.852
3.64	815.449
3.65	827.205
3.66	839.122
3.67	851.204
3.68	863.451
3.69	875.867
3.7	888.453
3.71	901.212
3.72	914.146
3.73	927.257
3.74	940.548
3.75	954.021
3.76	967.678
3.77	981.522
3.78	995.555
3.79	1009.78
3.8	1024.2
3.81	1038.82
3.82	1053.63
3.83	1068.65
3.84	1083.87
3.85	1099.3
3.86	1114.94
3.87	1130.79
3.88	1146.86
3.89	1163.15
3.9	1179.66
3.91	1196.39
3.92	1213.35
3.93	1230.54
3.94	1247.97
3.95	1265.62
3.96	1283.52
3.97	1301.67
3.98	1320.05
3.99	1338.69
4	1357.58
4.01	1376.72
4.02	1396.13
4.03	1415.79
4.04	1435.72
4.05	1455.92
4.06	1476.39
4.07	1497.14
4.08	1518.17
4.09	1539.48
4.1	1561.08
4.11	1582.97
4.12	1605.15
4.13	1627.64
4.14	1650.42
4.15	1673.51
4.16	1696.91
4.17	1720.63
4.18	1744.66
4.19	1769.02
4.2	1793.7
4.21	1818.72
4.22	1844.07
4.23	1869.76
4.24	1895.79
4.25	1922.17
4.26	1948.9
4.27	1975.99
4.28	2003.45
4.29	2031.27
4.3	2059.46
4.31	2088.03
4.32	2116.98
4.33	2146.32
4.34	2176.04
4.35	2206.17
4.36	2236.69
4.37	2267.62
4.38	2298.96
4.39	2330.72
4.4	2362.91
4.41	2395.52
4.42	2428.56
4.43	2462.04
4.44	2495.97
4.45	2530.35
4.46	2565.18
4.47	2600.48
4.48	2636.24
4.49	2672.48
4.5	2709.2
4.51	2746.4
4.52	2784.1
4.53	2822.29
4.54	2860.99
4.55	2900.2
4.56	2939.94
4.57	2980.19
4.58	3020.98
4.59	3062.3
4.6	3104.17
4.61	3146.6
4.62	3189.58
4.63	3233.13
4.64	3277.25
4.65	3321.96
4.66	3367.25
4.67	3413.14
4.68	3459.63
4.69	3506.74
4.7	3554.46
4.71	3602.81
4.72	3651.8
4.73	3701.43
4.74	3751.71
4.75	3802.65
4.76	3854.26
4.77	3906.55
4.78	3959.52
4.79	4013.19
4.8	4067.56
4.81	4122.64
4.82	4178.44
4.83	4234.97
4.84	4292.25
4.85	4350.27
4.86	4409.05
4.87	4468.59
4.88	4528.92
4.89	4590.03
4.9	4651.94
4.91	4714.66
4.92	4778.2
4.93	4842.56
4.94	4907.77
4.95	4973.82
4.96	5040.74
4.97	5108.52
4.98	5177.19
4.99	5246.75
5	5317.22
